7110
103 33
102 32
103 31
104 32
103 34
102 33
104 33
102 31
103 30
104 31
102 30
103 29
104 30
102 29
103 28
104 29
102 28
103 27
104 28
105 29
102 27
103 26
104 27
105 30
105 28
106 29
102 26
103 25
104 26
105 27
102 25
103 24
104 25
105 26
106 27
102 24
103 23
104 24
105 25
102 23
103 22
104 23
105 24
106 25
101 23
102 22
103 21
104 22
106 26
106 24
107 25
101 24
100 23
101 22
102 21
103 20
104 21
107 26
107 24
108 25
101 25
100 24
99 23
100 22
101 21
104 20
105 21
107 27
108 26
107 23
108 24
109 25
101 26
100 25
99 24
98 23
99 22
100 21
101 20
105 22
105 20
106 21
107 28
108 27
106 23
107 22
108 23
109 26
109 24
110 25
99 25
98 24
97 23
98 22
105 23
106 22
107 21
108 22
109 23
110 26
110 24
111 25
99 26
98 25
97 24
96 23
97 22
107 20
108 21
109 22
110 23
111 26
111 24
112 25
96 24
95 23
96 22
106 20
107 19
108 20
111 27
112 26
111 23
112 24
95 24
94 23
95 22
106 19
107 18
108 19
111 28
110 27
112 27
111 22
112 23
95 25
94 24
94 22
95 21
112 28
113 27
110 22
111 21
112 22
95 26
94 25
96 25
94 21
95 20
96 21
113 28
113 26
114 27
110 21
111 20
112 21
95 27
94 26
96 26
93 25
94 20
95 19
96 20
97 21
113 29
114 28
113 25
114 26
109 21
110 20
111 19
112 20
113 21
95 28
94 27
96 27
93 26
92 25
93 24
94 19
95 18
96 19
97 20
98 21
113 30
112 29
114 29
113 24
114 25
109 20
110 19
111 18
112 19
113 22
113 20
114 21
95 29
94 28
96 28
97 27
93 27
92 26
92 24
93 23
94 18
95 17
96 18
112 30
111 29
113 23
114 24
109 19
110 18
111 17
112 18
95 30
94 29
96 29
97 28
97 26
98 27
93 28
92 27
92 23
93 22
94 17
95 16
96 17
111 30
110 29
114 23
109 18
110 17
111 16
112 17
96 30
97 29
97 25
98 26
98 28
99 27
93 29
92 28
91 27
91 23
92 22
93 21
93 17
94 16
110 30
109 29
110 28
114 22
115 23
112 16
113 17
97 30
98 29
99 28
100 27
93 30
92 29
91 28
90 27
91 26
91 24
90 23
91 22
92 21
93 20
93 18
92 17
93 16
109 30
108 29
109 28
115 24
115 22
116 23
113 18
113 16
114 17
97 31
98 30
99 29
93 31
92 30
94 30
91 29
90 28
89 27
90 26
91 25
90 22
91 21
108 28
109 27
115 25
116 24
115 21
116 22
117 23
97 32
96 31
98 31
99 30
100 29
93 32
92 31
94 31
91 30
90 29
89 28
88 27
89 26
90 25
90 21
91 20
115 26
116 25
115 20
116 21
117 24
117 22
118 23
99 31
100 30
100 28
101 29
91 31
90 30
88 28
87 27
88 26
89 25
115 27
116 26
114 20
115 19
116 20
117 21
99 32
100 31
101 30
101 28
91 32
90 31
87 28
86 27
87 26
88 25
89 24
115 28
116 27
114 19
115 18
116 19
117 20
118 21
99 33
98 32
100 32
101 31
101 27
91 33
90 32
92 32
87 29
86 28
87 25
88 24
89 23
90 24
115 29
116 28
117 27
113 19
114 18
116 18
117 19
118 22
118 20
119 21
99 34
98 33
100 33
101 32
91 34
90 33
92 33
87 30
86 29
88 29
86 25
87 24
88 23
89 22
115 30
116 29
117 28
117 26
118 27
117 18
118 19
119 22
119 20
120 21
99 35
98 34
100 34
101 33
87 31
86 30
88 30
85 29
89 29
86 24
87 23
88 22
89 21
117 29
118 28
118 26
119 27
118 18
119 19
99 36
98 35
100 35
101 34
87 32
86 31
88 31
85 30
84 29
85 28
89 30
86 23
87 22
88 21
89 20
117 30
118 29
119 28
119 26
120 27
119 18
120 19
99 37
98 36
100 36
97 35
101 35
88 32
89 31
85 31
84 30
83 29
84 28
118 30
119 29
119 25
120 26
120 20
120 18
121 19
99 38
98 37
100 37
97 36
96 35
97 34
101 36
102 35
89 32
85 32
84 31
83 30
82 29
83 28
119 30
120 29
118 25
119 24
120 25
121 20
121 18
122 19
96 34
97 33
101 37
102 36
89 33
85 33
84 32
86 32
83 31
82 28
83 27
117 25
118 24
119 23
120 24
121 25
121 21
122 20
121 17
122 18
123 19
96 33
101 38
102 37
89 34
88 33
85 34
84 33
86 33
83 32
82 31
82 27
83 26
84 27
120 23
121 26
121 24
122 25
121 22
122 21
120 17
121 16
122 17
123 20
123 18
124 19
95 33
96 32
85 35
84 34
86 34
83 33
87 33
82 32
81 31
82 30
84 26
85 27
121 23
120 22
122 22
122 16
123 17
95 34
94 33
95 32
85 36
84 35
86 35
83 34
82 33
87 34
81 32
80 31
81 30
85 26
122 23
123 16
124 17
94 34
93 33
94 32
95 31
80 32
79 31
80 30
122 24
123 23
93 34
79 32
78 31
79 30
123 24
123 22
124 23
93 35
92 34
93 36
92 35
94 35
92 36
91 35
91 36
90 35
90 36
89 35
90 34
89 36
88 35
89 37
88 36
89 38
88 37
90 37
88 38
87 37
90 38
91 37
87 38
86 37
87 36
91 38
92 37
86 38
85 37
86 36
87 35
92 38
93 37
85 38
84 37
93 38
94 37
85 39
84 38
83 37
84 36
93 39
94 38
94 36
95 37
85 40
84 39
86 39
83 38
82 37
83 36
93 40
92 39
94 39
95 38
95 36
96 37
82 36
83 35
93 41
92 40
94 40
91 39
95 39
96 38
95 35
96 36
97 37
82 35
93 42
92 41
94 41
91 40
90 39
95 40
96 39
97 38
81 35
82 34
91 41
90 40
81 36
80 35
81 34
91 42
90 41
81 37
80 36
80 34
81 33
90 42
89 41
81 38
80 37
80 33
89 42
88 41
89 40
81 39
80 38
82 38
79 37
88 42
87 41
88 40
81 40
80 39
82 39
79 38
78 37
79 36
87 42
86 41
87 40
81 41
80 40
82 40
79 39
78 36
79 35
87 43
86 42
86 40
87 39
81 42
80 41
82 41
79 40
78 39
78 35
79 34
87 44
86 43
88 43
88 39
80 42
79 41
82 42
83 41
87 45
86 44
88 44
85 43
89 39
79 42
78 41
83 42
83 40
84 41
87 46
86 45
88 45
85 44
84 43
85 42
83 39
84 40
84 42
85 41
87 47
86 46
88 46
84 44
83 43
87 48
86 47
88 47
83 44
82 43
87 49
86 48
88 48
85 47
82 44
81 43
87 50
86 49
88 49
85 48
84 47
85 46
81 44
80 43
87 51
86 50
88 50
85 49
84 48
83 47
84 46
87 52
86 51
88 51
85 50
84 49
83 48
82 47
83 46
84 50
83 49
82 48
81 47
82 46
83 50
82 49
81 48
80 47
81 46
83 51
82 50
80 46
81 45
83 52
82 51
84 51
80 45
82 45
84 52
85 51
83 45
85 52
84 45
85 53
86 52
85 45
85 54
84 53
86 53
84 54
83 53
86 54
87 53
83 54
82 53
87 54
88 53
82 54
81 53
82 52
87 55
88 54
88 52
89 53
81 54
80 53
81 52
87 56
86 55
88 55
89 54
89 52
90 53
81 55
80 54
80 52
81 51
87 57
86 56
88 56
85 55
89 55
90 54
89 51
90 52
81 56
80 55
82 55
80 51
81 50
87 58
86 57
88 57
85 56
84 55
89 56
90 55
89 50
90 51
80 56
79 55
80 50
81 49
84 56
83 55
89 57
90 56
91 55
79 56
78 55
79 54
80 49
83 56
89 58
90 57
91 56
91 54
92 55
79 57
78 56
83 57
82 56
89 59
88 58
90 58
91 53
92 54
92 56
93 55
79 58
78 57
80 57
83 58
82 57
84 57
89 60
88 59
90 59
91 52
92 53
93 56
93 54
94 55
80 58
81 57
83 59
82 58
84 58
89 61
88 60
90 60
92 52
93 53
93 57
94 56
81 58
83 60
82 59
84 59
89 62
88 61
90 61
93 52
94 53
93 58
92 57
94 57
89 63
88 62
90 62
87 61
91 61
93 59
92 58
94 58
89 64
88 63
90 63
87 62
86 61
87 60
91 62
91 60
92 61
93 60
92 59
94 59
90 64
91 63
87 63
86 62
85 61
86 60
93 61
92 60
94 60
91 59
95 59
91 64
92 63
87 64
86 63
85 62
84 61
85 60
93 62
94 61
91 58
95 60
95 58
96 59
91 65
92 64
84 62
83 61
84 60
85 59
91 57
95 61
96 60
95 57
96 58
97 59
91 66
90 65
92 65
83 62
82 61
85 58
86 59
95 62
96 61
95 56
96 57
97 60
97 58
98 59
90 66
89 65
83 63
82 62
81 61
82 60
85 57
86 58
87 59
95 63
94 62
96 62
97 61
95 55
96 56
97 57
98 60
98 58
99 59
89 66
88 65
83 64
82 63
84 63
81 62
80 61
81 60
95 64
94 63
96 63
97 62
98 61
95 54
96 55
97 56
98 57
99 60
99 58
100 59
81 63
80 62
79 61
80 60
94 64
93 63
97 63
98 62
99 61
94 54
95 53
96 54
97 55
100 60
100 58
101 59
81 64
80 63
79 62
78 61
79 60
93 64
97 64
98 63
99 62
100 61
95 52
96 53
97 54
98 55
101 60
101 58
102 59
80 64
79 63
93 65
94 52
95 51
96 52
101 61
102 60
102 58
103 59
79 64
78 63
93 66
94 65
94 51
95 50
96 51
101 62
102 61
103 60
103 58
104 59
79 65
78 64
93 67
92 66
94 66
95 65
93 51
94 50
95 49
96 50
97 51
101 63
100 62
102 62
103 61
103 57
104 58
104 60
105 59
79 66
78 65
80 65
93 68
92 67
94 67
95 66
96 65
92 51
93 50
94 49
95 48
96 49
97 52
97 50
98 51
101 64
100 63
102 63
103 62
104 61
102 57
103 56
104 57
105 60
105 58
106 59
78 66
77 65
93 69
92 68
94 68
91 67
95 67
96 66
96 64
97 65
91 51
92 50
93 49
94 48
95 47
96 48
97 53
98 52
98 50
99 51
100 64
99 63
102 64
103 63
104 62
105 61
101 57
102 56
77 66
76 65
77 64
93 70
92 69
94 69
91 68
90 67
95 68
96 67
97 66
98 65
91 50
92 49
93 48
94 47
95 46
96 47
98 53
99 52
99 50
100 51
99 64
103 64
104 63
105 62
106 61
100 57
101 56
76 64
77 63
93 71
92 70
94 70
91 69
90 68
90 50
91 49
93 47
94 46
99 65
98 64
103 65
104 64
100 56
101 55
76 63
77 62
93 72
92 71
94 71
91 70
90 69
90 49
91 48
92 47
93 46
99 66
100 65
103 66
102 65
104 65
100 55
101 54
102 55
94 72
95 71
90 70
89 69
89 49
90 48
91 47
92 48
100 66
101 65
103 67
102 66
104 66
105 65
100 54
101 53
102 54
95 72
95 70
96 71
89 70
88 69
89 68
89 48
90 47
91 46
101 66
103 68
102 67
104 67
105 66
105 64
106 65
100 53
101 52
102 53
95 69
96 70
88 70
87 69
88 68
89 47
90 46
91 45
92 46
105 67
106 66
105 63
106 64
107 65
99 53
100 52
101 51
102 52
96 69
87 70
86 69
87 68
89 46
90 45
91 44
92 45
105 68
106 67
106 63
107 66
107 64
108 65
99 54
101 50
102 51
96 68
97 69
86 68
87 67
89 45
90 44
91 43
92 44
106 68
107 67
107 63
108 64
108 66
109 65
99 55
98 54
100 50
101 49
102 50
97 70
97 68
98 69
86 67
87 66
88 67
89 44
90 43
92 43
107 68
108 67
107 62
108 63
109 66
109 64
110 65
99 56
100 49
101 48
102 49
97 71
98 70
97 67
98 68
99 69
85 67
86 66
87 65
88 66
89 67
89 43
92 42
93 43
107 69
108 68
109 63
110 64
99 57
98 56
99 49
100 48
101 47
102 48
103 49
97 72
98 71
98 67
99 70
99 68
100 69
85 68
84 67
85 66
86 65
93 44
94 43
107 70
106 69
108 69
109 62
110 63
98 49
99 48
100 47
101 46
102 47
103 50
103 48
104 49
97 73
96 72
98 72
98 66
99 67
99 71
100 70
100 68
101 69
84 68
83 67
84 66
85 65
86 64
94 44
94 42
95 43
107 71
106 70
108 70
109 69
110 62
111 63
97 49
98 48
99 47
102 46
103 47
103 51
104 50
97 74
96 73
98 73
100 67
99 72
100 71
101 70
101 68
102 69
83 68
82 67
83 66
84 65
85 64
95 44
95 42
96 43
107 72
106 71
108 71
109 70
109 68
110 69
111 64
111 62
112 63
97 48
98 47
99 46
103 46
104 47
103 52
104 51
101 67
99 73
100 72
102 70
102 68
103 69
82 66
83 65
84 64
85 63
95 45
96 44
95 41
96 42
97 43
107 73
106 72
108 72
109 71
110 70
109 67
110 68
111 69
111 61
112 62
98 46
99 45
100 46
103 53
104 52
105 51
99 74
100 73
103 70
104 69
82 65
94 45
96 45
96 41
97 44
97 42
98 43
107 74
106 73
108 73
109 72
110 71
110 67
111 70
111 68
112 69
110 61
111 60
112 61
98 45
99 44
100 45
103 54
104 53
105 52
105 50
106 51
99 75
98 74
100 74
101 73
103 71
104 70
104 68
105 69
81 65
82 64
93 45
96 46
97 45
107 75
106 74
108 74
109 73
110 72
111 71
98 44
99 43
100 44
101 45
104 54
105 53
106 52
106 50
107 51
99 76
98 75
100 75
101 74
101 72
102 73
103 72
102 71
104 71
105 70
81 66
97 46
107 76
106 75
108 75
109 74
110 73
111 72
112 71
99 42
100 43
101 44
102 45
105 54
106 53
107 52
107 50
108 51
99 77
98 76
100 76
97 75
101 75
102 74
101 71
102 72
104 72
105 71
81 67
80 66
97 47
106 76
105 75
108 76
109 75
111 73
112 72
112 70
113 71
98 42
99 41
100 42
101 43
102 44
103 45
106 54
107 53
107 49
108 50
99 78
98 77
100 77
97 76
96 75
101 76
102 75
105 72
81 68
80 67
105 76
104 75
105 74
109 76
110 75
111 74
112 73
113 72
113 70
114 71
98 41
99 40
100 41
101 42
102 43
103 44
104 45
107 54
108 53
106 49
107 48
108 49
100 78
101 77
97 77
96 76
80 68
79 67
105 77
104 76
103 75
104 74
105 73
113 73
114 72
97 41
98 40
101 41
102 42
104 46
104 44
105 45
108 54
108 52
109 53
105 49
106 48
107 47
108 48
101 78
102 77
97 78
96 77
79 68
78 67
105 78
104 77
106 77
103 76
103 74
104 73
113 74
114 73
97 40
101 40
102 41
105 46
105 44
106 45
109 54
109 52
110 53
105 48
106 47
107 46
108 47
79 69
78 68
103 77
102 76
103 73
114 74
115 73
96 40
97 39
100 40
101 39
102 40
105 43
106 44
106 46
107 45
109 51
110 52
110 54
111 53
105 47
108 46
109 47
79 70
78 69
80 69
103 78
115 74
115 72
116 73
98 39
100 39
102 39
104 43
105 42
106 43
107 44
108 45
109 50
110 51
111 54
111 52
112 53
109 48
109 46
110 47
79 71
78 70
80 70
81 69
115 71
116 72
116 74
117 73
99 39
100 38
102 38
103 39
103 43
104 42
106 42
107 43
110 50
111 51
111 55
112 54
109 49
110 48
79 72
78 71
80 71
81 70
82 69
115 70
116 71
117 74
117 72
118 73
103 40
103 38
104 39
103 42
107 42
108 43
111 50
112 51
111 56
110 55
112 55
110 49
79 73
78 72
80 72
77 71
82 70
82 68
83 69
116 70
117 71
104 40
104 38
105 39
110 56
109 55
111 49
79 74
78 73
80 73
77 72
76 71
77 70
83 70
84 69
117 70
118 71
105 40
105 38
106 39
109 56
108 55
111 48
112 49
79 75
78 74
80 74
77 73
76 72
75 71
76 70
83 71
84 70
85 69
117 69
118 70
105 41
106 40
108 56
107 55
111 47
112 48
112 50
113 49
79 76
78 75
80 75
77 74
76 73
75 72
74 71
75 70
83 72
82 71
84 71
85 70
116 69
117 68
118 69
104 41
106 41
107 56
106 55
111 46
112 47
113 50
113 48
114 49
74 70
75 69
83 73
82 72
84 72
85 71
86 70
115 69
116 68
117 67
118 68
103 41
107 41
106 56
105 55
113 47
114 48
74 69
75 68
76 69
83 74
82 73
84 73
85 72
86 71
114 69
115 68
116 67
117 66
118 67
107 40
108 41
105 56
104 55
113 46
114 47
74 68
75 67
76 68
77 69
82 74
81 73
115 67
116 66
117 65
118 66
107 39
108 40
108 42
109 41
105 57
104 56
103 55
74 67
75 66
76 67
77 68
81 74
81 72
114 67
115 66
116 65
117 64
118 65
107 38
108 39
109 42
109 40
110 41
106 57
73 67
74 66
75 65
76 66
77 67
81 75
81 71
115 65
116 64
106 38
107 37
108 38
109 39
109 43
110 42
110 40
111 41
73 68
72 67
73 66
74 65
75 64
81 76
82 75
114 65
115 64
106 37
107 36
108 37
109 38
110 39
109 44
110 43
111 42
111 40
112 41
73 69
72 68
73 65
74 64
75 63
114 66
113 65
114 64
105 37
106 36
107 35
108 36
109 37
110 38
109 45
108 44
110 44
111 39
112 40
73 70
72 69
72 65
73 64
74 63
75 62
113 66
112 65
113 64
104 37
105 36
106 35
107 34
108 35
109 36
110 37
110 45
111 38
112 39
72 70
71 69
72 64
73 63
113 67
112 66
111 65
112 64
113 63
103 37
104 36
105 35
109 35
110 36
110 46
111 45
111 37
112 38
113 39
71 70
70 69
71 68
72 63
73 62
113 68
112 67
111 66
113 62
114 63
103 36
104 35
105 34
109 34
110 35
111 44
112 45
111 36
112 37
113 40
113 38
114 39
71 71
70 70
69 69
70 68
71 67
71 63
72 62
113 69
112 68
114 68
111 67
110 66
113 61
114 62
103 35
111 43
112 44
111 35
112 36
113 37
113 41
114 40
71 72
70 71
72 71
69 70
68 69
69 68
70 67
71 66
71 64
70 63
71 62
113 60
114 61
112 43
111 34
112 35
113 36
114 37
113 42
114 41
70 72
69 71
72 72
73 71
68 70
67 69
68 68
69 67
70 66
71 65
70 64
70 62
71 61
112 60
113 59
114 60
115 61
113 43
112 42
114 42
115 41
69 72
68 71
73 72
67 70
66 69
67 68
68 67
69 66
70 65
70 61
71 60
72 61
112 59
113 58
114 59
115 62
115 60
116 61
113 44
114 43
115 42
115 40
116 41
69 73
68 72
73 73
74 72
67 71
66 70
66 68
67 67
70 60
71 59
72 60
73 61
111 59
112 58
113 57
114 58
115 59
116 60
113 45
114 44
115 43
116 42
69 74
68 73
70 73
73 74
72 73
74 73
67 72
66 71
66 67
67 66
70 59
71 58
72 59
73 60
74 61
110 59
111 58
112 57
113 56
114 57
115 58
116 59
114 45
115 44
116 43
70 74
71 73
73 75
72 74
74 74
75 73
65 67
66 66
72 58
73 59
74 62
74 60
75 61
110 60
109 59
110 58
111 57
112 56
115 57
116 58
115 45
116 44
71 74
73 76
72 75
74 75
75 74
65 68
64 67
65 66
73 58
74 59
75 60
76 61
109 60
108 59
109 58
110 57
115 56
116 57
115 46
116 45
74 76
75 75
65 69
64 68
63 67
64 66
65 65
74 58
75 59
76 62
76 60
77 61
109 61
108 60
107 59
108 58
109 57
114 56
115 55
116 56
117 57
115 47
114 46
116 46
117 45
75 76
76 75
65 70
64 69
63 68
62 67
63 66
64 65
65 64
66 65
75 58
76 59
77 60
108 61
107 60
107 58
108 57
114 55
115 54
116 55
117 58
117 56
118 57
115 48
116 47
117 46
117 44
118 45
76 76
76 74
77 75
65 71
64 70
63 69
62 68
61 67
62 66
64 64
65 63
66 64
77 59
78 60
107 61
106 60
107 57
113 55
114 54
115 53
116 54
117 55
117 59
118 58
115 49
116 48
117 47
117 43
118 44
77 76
65 72
64 71
63 70
62 69
61 68
60 67
61 66
64 63
65 62
66 63
77 58
78 59
113 54
114 53
115 52
116 53
117 54
118 55
117 60
118 59
115 50
116 49
117 48
118 47
117 42
118 43
65 73
64 72
66 72
63 71
62 70
61 69
63 63
64 62
66 62
67 63
78 58
79 59
113 53
114 52
118 60
119 59
115 51
114 50
116 50
117 41
118 42
119 43
65 74
64 73
66 73
63 72
62 71
61 70
60 69
63 64
62 63
63 62
67 64
67 62
68 63
80 59
113 52
119 60
119 58
120 59
114 51
116 51
117 40
118 41
119 44
119 42
120 43
65 75
64 74
66 74
63 73
62 64
61 63
62 62
63 61
67 65
68 64
67 61
68 62
69 63
81 59
112 52
113 51
116 52
117 51
119 45
120 44
65 76
64 75
66 75
63 74
62 73
61 64
60 63
61 62
62 61
63 60
64 61
68 65
66 61
67 60
68 61
69 64
69 62
117 52
117 50
118 51
119 46
120 45
65 77
64 76
66 76
62 74
61 73
62 72
61 65
60 64
61 61
62 60
64 60
65 61
68 66
69 65
68 60
69 61
117 49
118 50
118 52
119 51
119 47
118 46
120 46
65 78
64 77
66 77
61 74
60 73
61 72
60 65
62 65
60 61
61 60
65 60
69 60
118 49
119 52
119 50
120 51
119 48
120 47
65 79
64 78
66 78
67 77
61 75
60 74
59 73
60 72
61 71
63 65
60 62
59 61
60 60
69 59
119 49
120 50
120 48
121 47
65 80
64 79
66 79
67 78
67 76
68 77
61 76
60 75
62 75
59 74
58 73
59 72
60 71
59 62
58 61
59 60
68 59
69 58
120 49
121 48
121 46
122 47
66 80
67 79
67 75
68 76
68 78
69 77
62 76
63 75
59 75
58 74
59 63
58 62
57 61
58 60
59 59
121 49
121 45
122 46
122 48
123 47
67 80
68 79
67 74
68 75
69 78
69 76
70 77
63 76
59 76
58 75
59 64
58 63
57 62
56 61
57 60
58 59
59 58
60 59
121 50
122 49
121 44
122 45
123 48
123 46
124 47
67 81
68 80
69 79
67 73
68 74
69 75
70 76
70 78
71 77
63 77
59 77
58 76
60 76
59 65
58 64
56 62
55 61
56 60
57 59
58 58
59 57
60 58
61 59
121 51
122 50
121 43
122 44
123 49
124 48
124 46
125 47
67 82
66 81
68 81
69 80
70 79
70 75
71 78
71 76
72 77
63 78
62 77
59 78
58 77
60 77
59 66
58 65
55 62
54 61
55 60
56 59
57 58
58 57
59 56
60 57
61 58
62 59
121 52
122 51
121 42
122 43
123 50
124 49
125 48
125 46
126 47
66 82
65 81
68 82
69 81
70 80
71 79
71 75
72 78
72 76
73 77
63 79
62 78
59 79
58 78
60 78
57 77
61 77
59 67
58 66
60 66
57 65
55 59
56 58
57 57
60 56
61 57
62 58
63 59
120 42
121 41
122 42
123 43
125 45
126 46
65 82
64 81
69 82
70 81
71 80
72 79
73 78
74 77
63 80
62 79
59 80
58 79
60 79
57 78
56 77
57 76
61 78
59 68
58 67
57 66
56 65
57 64
54 59
55 58
56 57
57 56
61 56
62 57
63 58
64 59
120 41
121 40
122 41
123 44
123 42
124 43
124 45
125 44
126 45
71 81
72 80
73 79
63 81
62 80
64 80
61 79
59 69
58 68
60 68
57 67
56 66
56 64
57 63
54 60
53 59
54 58
55 57
61 55
62 56
64 58
65 59
119 41
120 40
122 40
123 41
123 45
124 44
125 43
126 44
71 82
72 81
73 80
74 79
63 82
62 81
61 80
59 70
58 69
57 68
56 67
56 63
53 60
52 59
53 58
54 57
55 56
60 55
61 54
62 55
65 58
66 59
119 40
123 40
124 41
125 42
126 43
74 80
74 78
75 79
61 81
60 80
59 71
58 70
60 70
57 69
56 68
55 67
52 60
51 59
52 58
53 57
54 56
55 55
56 56
66 60
66 58
67 59
118 40
119 39
123 39
124 40
124 42
125 41
126 42
127 43
75 80
75 78
76 79
61 82
60 81
58 71
57 70
56 69
55 68
54 67
55 66
51 60
50 59
51 58
52 57
53 56
54 55
55 54
56 55
67 58
118 39
119 38
120 39
122 39
123 38
124 39
125 40
126 41
127 44
127 42
128 43
76 80
76 78
77 79
61 83
60 82
62 82
58 72
57 71
54 68
53 67
54 66
50 60
49 59
50 58
51 57
54 54
55 53
56 54
57 55
67 57
68 58
117 39
118 38
120 38
121 39
126 40
127 41
127 45
128 44
77 80
77 78
78 79
61 84
60 83
62 83
57 72
56 71
53 68
52 67
53 66
49 60
48 59
49 58
50 57
51 56
54 53
55 52
56 53
57 54
58 55
66 57
67 56
68 57
116 39
117 38
121 38
127 40
128 41
127 46
128 45
77 77
78 78
60 84
59 83
62 84
63 83
53 69
52 68
51 67
52 66
53 65
48 58
49 57
54 52
55 51
56 52
57 53
58 56
58 54
59 55
65 57
66 56
68 56
69 57
116 40
115 39
116 38
117 37
127 47
128 46
76 77
78 77
59 84
58 83
59 82
63 84
64 83
53 70
52 69
54 69
51 68
50 67
51 66
52 65
53 64
54 65
48 57
49 56
54 51
55 50
56 51
57 52
58 53
59 54
64 57
65 56
69 56
70 57
115 38
116 37
117 36
118 37
127 48
128 47
75 77
59 85
58 84
57 83
58 82
63 85
64 84
53 71
52 70
54 70
51 69
50 68
49 67
50 66
51 65
52 64
53 63
54 64
55 65
47 57
48 56
53 51
54 50
55 49
56 50
57 51
58 52
59 53
60 54
69 55
70 56
70 58
71 57
114 38
115 37
116 36
117 35
118 36
127 49
126 48
128 48
59 86
58 85
60 85
57 84
56 83
57 82
63 86
62 85
64 85
53 72
52 71
54 71
51 70
50 69
49 68
48 67
49 66
50 65
51 64
52 63
53 62
54 63
55 64
47 58
46 57
47 56
53 52
52 51
53 50
54 49
55 48
56 49
57 50
58 51
59 52
60 53
68 55
69 54
70 55
71 56
72 57
115 36
116 35
117 34
118 35
127 50
126 49
128 49
58 86
57 85
60 86
61 85
56 82
57 81
54 72
55 71
51 71
50 70
48 68
47 67
48 66
49 65
50 64
51 63
52 62
53 61
54 62
55 63
47 59
46 58
45 57
46 56
47 55
53 53
52 52
52 50
53 49
54 48
55 47
56 48
57 49
67 55
68 54
70 54
71 55
116 34
117 33
118 34
119 35
127 51
126 50
128 50
129 49
57 86
56 85
61 86
56 81
57 80
58 81
55 72
55 70
51 72
50 71
47 68
46 67
47 66
48 65
49 64
50 63
51 62
52 61
47 60
46 59
45 58
44 57
45 56
46 55
47 54
48 55
53 54
52 53
52 49
53 48
54 47
55 46
56 47
57 48
58 49
66 55
67 54
71 54
72 55
116 33
117 32
118 33
119 36
119 34
120 35
127 52
126 51
128 51
129 50
129 48
130 49
57 87
56 86
61 87
62 86
55 81
56 80
57 79
58 80
59 81
55 69
56 70
46 68
45 67
46 66
47 65
49 63
50 62
51 61
47 61
46 60
48 60
45 59
44 58
43 57
44 56
45 55
46 54
52 54
51 53
54 46
55 45
56 46
57 47
58 50
58 48
59 49
72 56
72 54
73 55
115 33
116 32
118 32
119 33
119 37
120 36
127 53
126 52
128 52
125 51
129 47
130 48
130 50
131 49
57 88
56 87
58 87
61 88
60 87
62 87
55 82
54 81
55 80
56 79
45 68
44 67
45 66
46 65
47 64
48 63
49 62
50 61
47 62
46 61
48 61
45 60
44 59
43 58
42 57
43 56
44 55
45 54
51 54
50 53
51 52
54 45
55 44
56 45
57 46
58 47
59 50
59 48
60 49
73 56
73 54
74 55
115 34
114 33
115 32
119 32
120 33
120 37
127 54
126 53
128 53
125 52
124 51
125 50
129 46
130 47
131 50
131 48
132 49
57 89
56 88
58 88
55 83
54 82
54 80
55 79
45 69
44 68
43 67
44 66
45 65
46 64
48 62
49 61
43 59
42 58
51 55
50 54
53 45
54 44
56 44
57 45
60 50
60 48
61 49
73 57
74 56
73 53
74 54
75 55
114 34
113 33
114 32
120 34
120 32
121 33
128 54
129 53
125 53
124 52
124 50
125 49
129 45
130 46
131 47
132 48
132 50
133 49
57 90
56 89
58 89
55 84
54 83
54 79
55 78
45 70
44 69
46 69
43 68
42 67
43 66
44 65
45 64
43 60
42 59
50 55
52 55
53 46
52 45
53 44
57 44
58 45
61 50
61 48
62 49
74 57
72 53
73 52
74 53
75 56
75 54
76 55
113 34
112 33
113 32
121 34
121 32
122 33
129 54
129 52
130 53
125 54
124 53
129 44
130 45
131 46
132 47
133 50
133 48
134 49
57 91
56 90
58 90
59 89
55 85
54 84
56 84
53 79
54 78
55 77
56 78
45 71
44 70
46 70
47 69
43 69
42 68
41 67
42 66
43 65
44 64
45 63
43 61
42 60
44 60
41 59
52 56
53 55
53 47
52 46
51 45
52 44
58 46
58 44
59 45
61 51
62 50
75 57
71 53
72 52
73 51
74 52
75 53
76 56
76 54
77 55
113 35
112 34
111 33
112 32
113 31
121 35
122 34
121 31
122 32
129 55
130 54
129 51
130 52
131 53
125 55
124 54
126 54
123 53
129 43
130 44
132 46
133 47
134 50
134 48
135 49
57 92
56 91
58 91
59 90
59 88
60 89
55 86
54 85
53 80
52 79
53 78
54 77
55 76
45 72
44 71
46 71
47 70
48 69
43 70
42 69
41 68
40 67
41 66
42 65
43 64
44 63
45 62
46 63
43 62
42 61
44 61
41 60
40 59
41 58
52 47
51 46
50 45
51 44
59 46
59 44
60 45
61 52
60 51
62 51
76 57
70 53
71 52
72 51
73 50
74 51
75 52
76 53
77 56
77 54
114 35
110 33
111 32
112 31
114 31
121 36
122 35
120 31
121 30
122 31
129 56
128 55
130 55
130 51
131 54
131 52
132 53
125 56
124 55
126 55
123 54
122 53
123 52
129 42
130 43
133 46
134 47
135 50
135 48
136 49
56 92
55 91
59 91
60 90
59 87
60 88
55 87
54 86
52 78
53 77
45 73
44 72
46 72
43 71
47 71
48 70
49 69
42 70
41 69
42 64
43 63
46 62
47 63
44 62
45 61
41 61
40 60
39 59
40 58
50 44
51 43
59 43
60 44
60 52
59 51
69 53
70 52
71 51
72 50
77 57
77 53
78 54
114 36
115 35
110 34
109 33
110 32
111 31
114 30
115 31
121 37
122 36
119 31
120 30
122 30
123 31
129 57
128 56
130 56
131 55
132 54
131 51
132 52
122 54
121 53
122 52
123 51
130 42
131 43
134 46
135 47
135 51
136 50
55 92
54 91
55 90
59 92
60 91
55 88
54 87
52 77
53 76
45 74
44 73
46 73
43 72
42 71
47 72
48 71
49 70
41 70
40 69
42 63
41 62
40 61
39 60
38 59
39 58
50 43
51 42
52 43
58 43
59 42
60 43
68 53
69 52
70 51
71 50
77 52
78 53
108 33
109 32
110 31
116 31
122 37
118 31
123 32
123 30
124 31
129 58
128 57
130 57
131 56
132 55
132 51
121 54
120 53
131 44
131 42
132 43
135 46
136 47
135 52
134 51
136 51
55 93
54 92
53 91
54 90
55 89
60 92
61 91
54 88
53 87
52 76
53 75
54 76
46 74
47 73
43 73
42 72
41 71
49 71
41 63
42 62
39 61
38 60
38 58
39 57
52 42
53 43
58 42
59 41
60 42
61 43
78 52
79 53
109 31
122 38
123 37
117 31
123 33
124 32
123 29
124 30
129 59
128 58
130 58
127 57
131 57
132 56
133 55
133 51
120 54
119 53
120 52
131 41
132 42
132 44
133 43
135 45
136 46
55 94
54 93
56 93
53 92
52 91
53 90
54 89
61 92
61 90
62 91
53 88
52 87
53 86
52 75
53 74
54 75
47 74
48 73
43 74
42 73
41 72
40 71
49 72
41 64
40 63
39 62
38 61
38 57
39 56
40 57
53 42
54 43
58 41
59 40
60 41
61 44
61 42
62 43
79 52
108 31
123 36
124 37
123 34
124 33
122 29
123 28
124 29
129 60
128 59
130 59
127 58
126 57
127 56
131 58
132 57
133 56
133 54
134 55
133 52
119 54
118 53
130 41
131 40
132 41
133 44
133 42
134 43
134 45
135 44
136 45
55 95
54 94
56 94
53 93
52 92
52 90
53 89
61 89
62 90
62 92
63 91
54 74
55 75
40 72
39 71
40 70
41 65
40 64
37 57
38 56
39 55
40 56
54 42
55 43
61 41
62 42
62 44
63 43
108 32
107 31
108 30
123 35
124 36
124 38
125 37
124 34
125 33
122 28
123 27
124 28
127 59
126 58
125 57
126 56
127 55
131 59
132 58
133 57
134 56
133 53
134 52
118 54
117 53
129 41
130 40
133 41
134 42
133 45
134 44
55 96
54 95
56 95
53 94
52 93
52 89
62 89
63 92
63 90
64 91
55 74
56 75
39 72
38 71
39 70
40 65
37 58
36 57
37 56
38 55
39 54
40 55
55 42
56 43
61 40
62 41
63 44
63 42
64 43
107 32
106 31
107 30
124 35
125 38
125 36
126 37
125 34
125 32
126 33
122 27
123 26
124 27
127 60
126 59
125 58
124 57
131 60
132 59
133 58
134 57
134 53
129 40
133 40
134 41
132 45
55 97
54 96
56 96
53 95
57 95
52 94
51 93
51 89
52 88
63 93
64 92
63 89
64 90
56 76
56 74
57 75
38 72
37 71
38 70
36 58
35 57
36 56
37 55
38 54
39 53
40 54
41 55
56 42
57 43
60 40
61 39
62 40
63 41
63 45
64 44
107 33
106 32
105 31
106 30
107 29
126 38
126 36
127 37
125 35
126 34
126 32
127 33
121 27
122 26
124 26
125 27
126 60
125 59
124 58
123 57
124 56
131 61
130 60
132 60
134 58
135 57
132 40
133 39
134 40
131 45
55 98
54 97
56 97
53 96
52 95
57 96
57 94
58 95
51 94
50 93
51 92
51 90
50 89
51 88
63 94
62 93
64 93
63 88
64 89
57 74
37 72
36 71
37 70
35 58
34 57
35 56
36 55
37 54
38 53
39 52
40 53
41 56
41 54
42 55
57 42
60 39
61 38
62 39
63 40
64 41
63 46
62 45
64 45
106 33
105 32
127 38
127 36
128 37
126 35
127 34
127 32
128 33
121 28
125 28
125 26
126 27
125 60
124 59
123 58
122 57
123 56
131 62
130 61
132 61
135 58
135 56
136 57
132 39
133 38
134 39
57 97
58 96
57 93
58 94
50 94
49 93
50 92
50 88
51 87
62 94
61 93
64 94
65 93
64 88
65 89
57 73
37 73
36 72
35 71
36 70
37 69
35 59
34 58
33 57
34 56
36 54
37 53
40 52
41 53
41 57
42 56
42 54
43 55
57 41
59 39
60 38
64 42
64 40
65 41
63 47
62 46
64 46
61 45
105 33
127 39
128 38
127 35
121 29
120 28
125 25
126 26
126 28
127 27
122 58
121 57
122 56
123 55
131 63
130 62
132 62
129 61
133 61
135 55
136 56
136 58
137 57
132 38
133 37
134 38
135 39
57 98
58 97
58 93
49 94
48 93
49 92
50 87
51 86
61 94
60 93
65 94
65 92
66 93
65 90
65 88
66 89
56 73
37 74
36 73
38 73
35 72
34 71
35 70
36 69
37 68
38 69
35 60
34 59
36 59
33 58
32 57
33 56
36 53
37 52
41 52
42 53
43 54
56 41
57 40
58 39
59 38
65 42
65 40
66 41
63 48
62 47
64 47
61 46
126 39
128 39
128 35
124 25
125 24
126 25
127 28
127 26
128 27
121 58
120 57
121 56
122 55
131 64
130 63
132 63
129 62
128 61
133 62
133 60
134 61
135 54
136 55
137 58
137 56
138 57
132 37
133 36
134 37
135 40
135 38
136 39
58 98
59 97
61 95
60 94
59 93
65 95
66 94
65 91
66 92
65 87
66 88
55 73
56 72
37 75
36 74
38 74
34 72
33 71
34 70
35 69
36 68
37 67
38 68
35 61
34 60
36 60
33 59
32 58
31 57
32 56
35 53
36 52
37 51
38 52
56 40
57 39
58 40
65 39
66 40
63 49
62 48
64 48
61 47
60 46
125 39
128 40
129 39
123 25
124 24
125 23
126 24
127 29
128 28
127 25
128 26
120 58
119 57
120 56
121 55
132 64
133 63
133 59
134 60
136 54
137 55
134 36
135 37
59 98
59 96
60 97
61 96
60 95
62 95
59 94
65 96
64 95
66 95
66 91
64 87
65 86
66 87
54 73
37 76
36 75
38 75
33 72
32 71
33 70
34 69
35 68
36 67
37 66
38 67
35 62
34 61
36 61
33 60
32 59
31 58
30 57
31 56
35 54
34 53
35 52
36 51
37 50
38 51
56 39
57 38
64 39
65 38
66 39
63 50
64 49
60 47
129 38
130 39
125 22
126 23
127 30
126 29
128 29
127 24
128 25
119 56
120 55
133 64
134 63
134 59
137 54
138 55
135 36
136 37
59 99
60 98
59 95
60 96
61 97
64 96
63 95
63 87
64 86
65 85
66 86
67 87
53 73
36 76
35 75
38 76
39 75
33 69
34 68
35 67
36 66
37 65
38 66
36 62
37 61
33 61
32 60
31 59
35 55
34 54
34 52
35 51
38 50
39 51
63 39
64 38
66 38
67 39
63 51
64 50
59 47
129 37
130 38
131 39
124 22
125 21
126 22
127 31
126 30
128 30
125 29
127 23
128 24
129 25
118 56
119 55
135 59
137 53
138 54
136 38
136 36
137 37
58 99
60 99
61 98
62 97
63 96
65 84
66 85
67 88
67 86
68 87
52 73
35 76
34 75
35 74
39 76
39 74
40 75
32 69
33 68
34 67
35 66
36 65
37 64
38 65
37 62
37 60
33 62
32 61
31 60
30 59
34 55
34 51
35 50
39 50
40 51
63 38
67 40
67 38
68 39
63 52
64 51
129 36
130 37
131 38
124 21
125 20
126 21
126 31
128 31
125 30
127 22
128 23
129 26
129 24
130 25
135 60
136 59
136 53
137 52
138 53
137 38
137 36
138 37
57 99
61 99
62 98
67 85
68 86
68 88
69 87
52 74
51 73
52 72
34 76
33 75
34 74
39 73
40 74
33 67
34 66
35 65
36 64
37 63
38 64
39 65
37 59
33 63
32 62
34 62
33 55
33 51
34 50
35 49
36 50
39 49
40 50
41 51
62 38
63 37
67 41
68 40
68 38
69 39
64 52
65 51
123 21
124 20
125 19
126 20
125 31
128 22
129 23
130 26
130 24
131 25
135 53
136 52
138 52
139 53
137 39
138 38
137 35
138 36
56 99
62 99
67 84
68 85
69 88
69 86
70 87
51 74
50 73
33 76
32 75
33 74
40 73
32 67
33 66
34 65
35 64
36 63
38 63
39 66
39 64
33 64
32 63
34 63
32 55
33 54
33 52
32 51
33 50
34 49
35 48
36 49
38 49
39 48
40 49
41 50
42 51
62 37
63 36
64 37
67 42
68 41
69 40
69 38
70 39
65 52
65 50
66 51
125 18
126 19
129 22
130 23
131 26
131 24
132 25
139 54
139 52
140 53
137 40
138 39
136 35
137 34
138 35
63 99
66 84
67 83
68 84
69 89
70 88
70 86
71 87
51 75
50 74
32 74
33 73
41 73
32 68
31 67
32 66
33 65
34 64
35 63
38 62
39 63
39 67
40 66
31 55
32 54
33 49
34 48
38 48
39 47
40 48
42 52
42 50
43 51
61 37
62 36
63 35
64 36
65 37
68 42
69 41
69 37
70 38
70 40
71 39
65 53
66 52
66 50
67 51
124 18
125 17
126 18
127 19
130 22
131 23
131 27
132 26
139 51
140 52
135 35
136 34
63 98
64 99
66 83
68 83
69 90
68 89
70 89
71 88
71 86
72 87
51 76
50 75
32 73
34 73
41 74
31 68
30 67
31 66
32 65
39 68
30 55
31 54
32 49
33 48
38 47
39 46
40 47
43 52
43 50
44 51
60 37
61 36
62 35
63 34
64 35
65 36
66 37
69 42
70 41
68 37
69 36
70 37
71 40
71 38
72 39
65 54
64 53
66 53
67 52
67 50
68 51
125 16
126 17
127 20
127 18
128 19
131 22
132 23
131 28
130 27
132 27
138 51
139 50
140 51
134 35
135 34
63 97
64 98
65 99
65 83
69 83
68 90
67 89
71 85
72 86
72 88
73 87
51 77
50 76
31 73
32 72
35 73
41 75
42 74
30 68
29 67
30 66
31 65
32 64
39 69
40 68
32 50
31 49
32 48
33 47
43 49
44 50
59 37
60 36
61 35
65 35
66 36
69 43
70 42
71 41
68 36
69 35
70 36
71 37
72 38
65 55
64 54
66 54
63 53
67 53
68 52
68 50
69 51
127 21
128 20
131 21
132 22
132 24
133 23
130 28
129 27
132 28
133 27
137 51
138 50
139 49
140 50
134 34
135 33
64 97
65 98
66 99
69 84
70 83
67 90
70 85
71 84
72 85
73 88
73 86
74 87
51 78
50 77
31 74
30 73
31 72
41 76
42 75
29 68
28 67
29 66
30 65
31 64
31 50
30 49
31 48
32 47
33 46
34 47
42 49
43 48
44 49
58 37
59 36
60 35
61 34
65 34
66 35
69 44
68 43
70 43
71 42
72 41
68 35
69 34
70 35
71 36
72 37
64 55
63 54
62 53
69 50
128 21
130 21
131 20
132 21
133 24
133 22
134 23
129 28
133 28
133 26
134 27
137 50
138 49
139 48
140 49
134 33
135 32
136 33
65 97
66 98
67 99
67 91
66 90
69 85
70 84
74 88
74 86
75 87
51 79
50 78
30 74
29 73
30 72
31 71
41 77
40 76
42 76
29 65
30 64
31 63
30 48
31 47
41 49
42 48
43 47
44 48
45 49
58 38
57 37
58 36
59 35
64 34
65 33
66 34
67 35
69 45
68 44
70 44
67 43
71 43
72 42
71 35
72 36
63 55
62 54
61 53
62 52
69 49
70 50
129 21
130 20
133 25
134 24
133 21
134 22
134 28
134 26
135 27
138 48
139 47
140 48
141 49
66 97
67 98
68 99
67 92
68 91
75 88
75 86
76 87
51 80
50 79
29 74
28 73
29 72
30 71
31 70
41 78
40 77
42 77
28 65
29 64
30 63
31 62
30 47
31 46
41 48
42 47
43 46
44 47
45 50
45 48
46 49
56 37
57 36
58 35
59 34
64 33
65 32
66 33
67 36
67 34
69 46
68 45
70 45
67 44
66 43
71 44
72 43
71 34
72 35
63 56
68 49
69 48
70 49
129 20
134 25
133 20
134 21
135 28
135 26
136 27
138 47
139 46
140 47
141 50
141 48
142 49
67 97
68 98
69 99
67 93
68 92
69 91
75 89
76 88
76 86
77 87
29 75
28 74
27 73
28 72
29 71
30 70
31 69
32 70
42 78
43 77
29 63
30 62
31 61
30 46
31 45
32 46
41 47
42 46
43 45
44 46
45 47
46 48
46 50
47 49
57 35
58 34
59 33
60 34
67 37
68 46
67 45
70 46
71 45
66 44
65 43
66 42
72 44
73 43
70 34
71 33
72 34
63 57
64 56
129 19
132 20
133 19
134 20
135 25
136 26
137 47
138 46
139 45
140 46
142 50
142 48
143 49
67 96
68 97
69 98
70 99
67 94
68 93
69 92
70 91
75 90
74 89
76 89
77 88
77 86
78 87
29 76
28 75
30 75
27 74
26 73
27 72
28 71
29 70
30 69
43 78
43 76
44 77
28 63
29 62
30 61
30 45
31 44
32 45
41 46
42 45
43 44
44 45
45 46
46 47
47 50
47 48
48 49
56 35
57 34
58 33
59 32
60 33
67 46
66 45
71 46
72 45
65 44
73 44
73 42
74 43
70 33
71 32
72 33
129 18
130 19
132 19
133 18
134 19
135 24
136 25
137 48
137 46
138 45
139 44
140 45
143 50
143 48
144 49
69 97
70 98
71 99
68 94
69 93
70 92
70 90
71 91
75 91
74 90
76 90
77 89
77 85
78 86
26 74
25 73
26 72
27 71
28 70
29 69
43 79
44 78
43 75
44 76
45 77
29 45
30 44
32 44
33 45
41 45
42 44
43 43
44 44
47 51
48 50
47 47
48 48
56 36
55 35
56 34
57 33
60 32
61 33
67 47
66 46
65 45
73 41
74 42
74 44
75 43
72 32
73 33
132 18
133 17
134 18
136 24
137 25
137 49
136 48
137 45
138 44
139 43
140 44
141 45
143 51
144 50
69 96
70 97
71 98
72 99
69 94
70 93
71 92
71 90
72 91
75 92
74 91
76 91
77 90
78 89
76 85
77 84
78 85
25 74
24 73
25 72
26 71
27 70
28 69
43 80
42 79
44 79
44 75
45 78
45 76
46 77
29 46
28 45
29 44
33 44
34 45
40 45
41 44
42 43
43 42
44 43
47 52
46 51
48 51
47 46
48 47
55 36
54 35
55 34
56 33
57 32
61 32
62 33
67 48
66 47
68 47
65 46
73 40
74 41
75 44
75 42
76 43
73 34
73 32
74 33
132 17
133 16
134 17
137 26
137 24
138 25
137 44
138 43
139 42
140 43
141 46
141 44
142 45
143 52
142 51
144 51
68 96
69 95
70 96
71 97
72 98
70 94
71 93
75 93
74 92
76 92
73 91
77 91
75 85
76 84
78 84
79 85
25 75
24 74
24 72
25 71
43 81
42 80
44 80
44 74
45 75
45 79
46 78
46 76
47 77
29 47
28 46
34 46
34 44
35 45
40 46
39 45
40 44
41 43
42 42
44 42
45 43
47 53
46 52
48 52
48 46
49 47
54 34
55 33
67 49
66 48
68 48
65 47
69 47
72 40
73 39
74 40
75 41
76 42
76 44
77 43
74 34
74 32
75 33
131 17
132 16
134 16
135 17
137 23
138 24
138 26
139 25
136 44
137 43
143 53
142 52
144 52
68 95
70 95
71 96
72 97
71 94
72 93
75 94
74 93
76 93
73 92
73 90
77 92
78 91
74 85
75 84
79 86
79 84
80 85
25 76
24 75
26 75
24 71
25 70
43 82
42 81
44 81
46 75
45 80
46 79
47 78
47 76
48 77
29 48
28 47
35 46
35 44
36 45
38 45
39 44
40 43
41 42
45 44
45 42
46 43
46 53
48 53
49 48
49 46
50 47
54 33
55 32
66 49
65 48
70 47
73 38
74 39
75 40
76 41
77 44
77 42
78 43
75 34
75 32
76 33
131 18
130 17
131 16
135 18
135 16
136 17
136 23
137 22
138 23
139 26
139 24
140 25
136 43
137 42
143 54
142 53
144 53
67 95
71 95
72 94
75 95
74 94
76 94
77 93
72 90
73 89
73 85
74 84
80 86
80 84
81 85
25 77
24 76
26 76
23 75
27 75
23 71
24 70
25 69
26 70
43 83
42 82
44 82
41 81
45 81
46 80
47 75
48 76
48 78
49 77
36 46
36 44
37 45
39 43
40 42
45 45
46 44
46 42
47 43
45 53
49 49
50 48
49 45
50 46
51 47
54 32
55 31
56 32
65 49
70 48
71 47
73 37
74 38
75 39
77 45
78 44
78 42
79 43
75 31
76 32
76 34
77 33
131 19
130 18
130 16
131 15
135 19
136 18
135 15
136 16
140 26
140 24
141 25
135 43
136 42
143 55
142 54
144 54
141 53
145 53
72 95
75 96
74 95
76 95
77 94
78 93
72 89
73 84
81 86
81 84
82 85
25 78
24 77
26 77
23 76
22 75
23 74
27 76
23 72
22 71
23 70
24 69
25 68
26 69
43 84
42 83
44 83
41 82
40 81
41 80
45 82
46 81
48 75
49 78
49 76
37 46
37 44
38 43
39 42
46 45
47 44
47 42
48 43
44 53
45 52
49 50
50 49
48 45
49 44
51 48
54 31
55 30
56 31
71 48
72 47
73 36
74 37
75 38
76 39
77 46
76 45
78 45
79 44
74 31
75 30
76 31
77 34
77 32
78 33
130 15
131 14
132 15
135 20
136 19
134 15
135 14
136 15
141 26
141 24
142 25
135 42
143 56
142 55
144 55
141 54
141 52
145 54
145 52
146 53
74 96
73 95
77 95
78 94
78 92
79 93
71 89
72 84
73 83
81 83
82 84
26 78
27 77
23 77
22 76
23 69
24 68
25 67
26 68
44 84
45 83
46 82
47 81
49 75
37 47
38 46
37 43
38 44
47 45
48 44
47 41
48 42
44 54
43 53
44 52
45 51
49 51
50 50
51 49
49 43
56 30
57 31
71 49
72 48
75 37
76 38
76 40
77 39
76 46
75 45
78 46
79 45
73 31
74 30
77 35
78 34
77 31
78 32
79 33
129 15
130 14
131 13
132 14
133 15
135 21
136 20
136 14
137 15
142 26
142 24
143 25
143 57
142 56
144 56
141 55
141 51
145 55
146 54
145 51
146 52
73 96
73 94
77 96
78 95
79 94
79 92
80 93
72 83
73 82
74 83
80 83
81 82
82 83
27 78
28 77
23 78
22 77
22 69
23 68
24 67
25 66
26 67
45 84
46 83
47 82
47 80
48 81
49 74
37 48
36 47
36 43
37 42
46 41
47 40
48 41
49 52
50 51
51 50
49 42
57 30
58 31
72 49
75 36
76 37
77 40
77 38
75 46
74 45
79 46
72 31
73 30
77 36
76 35
77 30
129 16
128 15
129 14
130 13
131 12
132 13
133 14
135 22
136 21
137 16
137 14
138 15
143 26
143 24
144 25
143 58
142 57
144 57
141 56
140 55
145 56
146 55
145 50
146 51
73 97
72 96
73 93
77 97
76 96
78 96
80 94
80 92
81 93
71 83
72 82
73 81
74 82
80 82
81 81
82 82
83 83
28 78
28 76
29 77
23 79
22 78
24 78
21 77
23 67
24 66
25 65
26 66
48 74
49 73
37 49
36 48
35 47
36 42
37 41
38 42
45 41
46 40
47 39
48 40
49 41
49 53
50 52
51 51
58 32
58 30
59 31
74 36
75 35
76 36
77 41
78 40
77 37
78 38
75 47
74 46
73 45
79 47
76 30
77 29
78 30
129 17
128 16
127 15
128 14
129 13
132 12
133 13
135 23
136 22
137 21
137 17
138 16
143 27
144 26
140 56
139 55
140 54
145 57
146 56
147 55
145 49
146 50
73 98
74 97
77 98
76 97
78 97
81 94
81 92
82 93
74 81
80 81
81 80
82 81
83 84
83 82
84 83
29 78
30 77
23 80
22 79
24 79
21 78
20 77
21 76
22 67
23 66
24 65
25 64
26 65
36 41
37 40
38 41
44 41
45 40
46 39
47 38
48 39
49 40
50 41
49 54
59 30
60 31
74 35
75 48
74 47
76 47
73 46
79 48
78 47
76 29
77 28
78 29
128 17
127 16
126 15
127 14
128 13
129 12
133 12
134 13
137 20
138 21
137 18
138 17
143 28
142 27
144 27
139 56
145 58
146 57
147 56
147 54
145 48
146 49
73 99
74 98
77 99
76 98
78 98
81 95
82 94
81 91
82 92
75 81
80 80
81 79
82 80
83 81
83 85
84 84
30 78
30 76
31 77
23 81
22 80
24 80
20 78
19 77
20 76
22 68
21 67
22 66
24 64
25 63
26 64
27 65
45 39
46 38
48 38
49 39
49 55
48 54
59 29
60 30
73 35
75 49
74 48
76 48
77 47
73 47
72 46
75 29
76 28
77 27
78 28
79 29
127 17
126 16
128 12
129 11
130 12
134 14
134 12
135 13
138 22
138 20
139 21
137 19
138 18
143 29
142 28
144 28
141 27
145 27
145 59
144 58
146 58
147 57
144 48
145 47
146 48
74 99
76 99
78 99
81 96
80 95
82 95
80 91
81 90
82 91
75 82
76 81
80 79
81 78
82 79
83 80
84 81
83 86
84 85
31 78
31 76
32 77
23 82
22 81
24 81
19 78
18 77
19 76
21 68
20 67
21 66
24 63
25 62
26 63
27 66
27 64
44 39
45 38
49 38
50 39
58 29
59 28
60 29
75 50
74 49
76 49
77 48
73 48
74 29
75 28
76 27
77 26
78 27
79 28
80 29
128 11
129 10
130 11
135 12
136 13
139 22
139 20
140 21
138 19
143 30
142 29
144 29
141 28
140 27
145 28
145 26
146 27
145 60
144 59
146 59
147 58
144 47
145 46
146 47
75 99
79 99
81 97
80 96
82 96
83 95
79 91
80 90
81 89
82 90
75 83
76 82
77 81
80 78
81 77
82 78
83 79
84 86
85 85
31 75
32 76
32 78
33 77
24 82
25 81
19 79
18 78
17 77
18 76
21 69
20 68
20 66
21 65
24 62
25 61
26 62
27 63
27 67
28 66
44 40
43 39
44 38
45 37
50 40
50 38
51 39
57 29
58 28
60 28
61 29
75 51
74 50
76 50
73 49
77 49
78 48
75 27
76 26
78 26
79 27
136 12
137 13
139 19
144 30
145 29
140 28
139 27
145 25
146 26
145 61
144 60
146 60
143 59
147 59
143 47
144 46
146 46
147 47
75 98
79 98
80 99
81 98
80 97
82 97
83 96
83 94
84 95
79 90
80 89
81 88
82 89
76 83
77 82
78 81
80 77
82 77
83 78
84 79
85 86
85 84
86 85
33 78
34 77
25 82
25 80
26 81
19 80
18 79
20 79
17 78
16 77
17 76
21 70
20 69
20 65
21 64
22 65
24 61
25 60
26 61
27 62
27 68
43 40
42 39
43 38
44 37
45 36
46 37
51 40
51 38
52 39
56 29
57 28
61 30
61 28
62 29
76 51
77 50
78 49
74 27
75 26
79 26
80 27
137 12
138 13
139 18
140 19
145 30
146 29
139 28
138 27
145 24
146 25
145 62
144 61
146 61
143 60
142 59
147 60
142 47
143 46
147 48
147 46
75 97
79 97
80 98
81 99
82 98
83 97
83 93
84 94
78 90
79 89
82 88
83 89
77 83
78 82
78 80
79 81
79 77
80 76
82 76
83 77
84 80
84 78
85 79
85 83
86 84
33 79
34 78
35 77
25 83
26 82
25 79
26 80
19 81
18 80
20 80
17 79
16 76
17 75
21 71
20 70
22 70
19 65
20 64
22 64
23 65
24 60
25 59
26 60
27 61
27 69
28 68
42 38
43 37
46 36
47 37
52 40
52 38
53 39
61 31
62 30
61 27
62 28
63 29
77 51
78 50
79 49
74 28
73 27
74 26
75 25
80 28
80 26
81 27
137 11
138 12
146 30
146 28
147 29
139 29
138 28
144 24
145 23
146 24
144 62
143 61
146 62
147 61
141 47
142 46
143 45
147 49
79 96
82 99
83 98
84 97
83 92
84 93
79 88
83 90
83 88
84 89
78 83
79 82
79 80
79 78
83 76
84 77
85 80
85 78
86 79
85 82
86 83
33 80
32 79
34 79
35 78
36 77
25 84
24 83
26 83
26 79
19 82
18 81
20 81
17 80
16 79
16 75
17 74
18 75
21 72
20 71
19 66
18 65
19 64
23 64
24 59
25 58
26 59
27 60
28 61
42 37
43 36
47 36
48 37
53 40
53 38
54 39
62 31
60 27
61 26
62 27
63 30
63 28
64 29
78 51
79 50
73 28
72 27
73 26
74 25
75 24
76 25
81 28
81 26
136 11
137 10
138 11
147 30
147 28
139 30
138 29
140 29
144 23
145 22
146 23
143 62
142 61
147 62
143 44
144 45
147 50
79 95
83 99
84 98
83 91
84 92
78 88
79 87
80 88
83 87
84 88
79 83
79 79
83 75
84 76
85 77
86 78
86 80
87 79
84 82
85 81
86 82
87 83
33 81
32 80
34 80
31 79
35 79
36 78
37 77
25 85
24 84
26 84
23 83
27 83
19 83
18 82
20 82
17 81
21 81
18 74
19 75
20 72
19 71
23 63
26 58
27 59
28 62
28 60
29 61
47 35
48 36
49 37
53 41
54 40
53 37
54 38
55 39
62 32
63 31
59 27
60 26
61 25
62 26
63 27
64 30
64 28
65 29
79 51
74 24
75 23
76 24
81 29
136 10
137 9
138 10
147 31
147 27
138 30
137 29
140 30
141 29
144 22
145 21
146 22
147 23
143 63
142 62
142 44
143 43
144 44
145 45
147 51
84 99
84 91
80 87
82 87
84 87
84 75
85 76
86 77
87 80
87 78
88 79
86 81
87 84
87 82
88 83
33 82
32 81
34 81
31 80
30 79
35 80
36 79
37 78
38 77
25 86
24 85
26 85
23 84
22 83
27 84
27 82
28 83
19 84
18 83
20 83
17 82
16 81
21 82
21 80
19 74
20 75
19 72
18 71
19 70
22 63
23 62
27 58
28 59
29 60
46 35
47 34
48 35
49 36
50 37
52 41
54 41
52 37
53 36
54 37
55 40
55 38
63 32
64 31
58 27
59 26
60 25
61 24
62 25
63 26
64 27
65 30
65 28
66 29
74 23
75 22
76 23
136 9
137 8
138 9
147 32
146 31
147 26
137 30
136 29
137 28
141 30
144 21
145 20
146 21
147 24
147 22
143 64
142 63
144 63
142 43
143 42
144 43
145 44
146 45
147 52
85 99
81 87
82 86
84 74
85 75
88 80
88 78
89 79
87 85
88 84
34 82
35 81
31 81
30 80
29 79
37 79
38 78
39 77
25 87
24 86
26 86
27 85
23 85
22 84
19 85
18 84
20 84
21 83
16 82
15 81
16 80
21 79
19 73
20 74
18 70
19 69
21 63
22 62
23 61
27 57
28 58
29 59
30 60
45 35
46 34
49 35
50 36
51 41
51 37
52 36
54 36
55 37
55 41
63 33
64 32
57 27
58 26
59 25
62 24
63 25
65 31
66 30
66 28
67 29
73 23
74 22
75 21
76 22
77 23
135 9
136 8
138 8
139 9
146 32
145 31
147 25
137 31
136 30
135 29
136 28
137 27
143 21
144 20
146 20
147 21
142 64
141 63
141 43
142 42
143 41
144 42
145 43
146 44
147 45
147 53
85 98
86 99
85 74
86 75
89 80
89 78
90 79
87 86
88 85
35 82
36 81
31 82
30 81
29 80
28 79
37 80
38 79
39 78
25 88
24 87
26 87
27 86
28 85
23 86
22 85
19 86
18 85
20 85
21 84
15 82
14 81
15 80
18 73
20 73
18 69
19 68
20 63
21 62
22 61
23 60
26 57
27 56
28 57
29 58
44 35
45 34
49 34
50 35
51 36
56 27
57 26
58 25
59 24
63 24
64 25
66 31
67 30
67 28
68 29
73 24
72 23
73 22
74 21
75 20
76 21
77 24
77 22
78 23
135 10
134 9
135 8
139 10
139 8
140 9
145 32
144 31
137 32
136 31
138 31
135 30
134 29
143 22
142 21
143 20
147 20
141 64
140 63
141 62
141 42
142 41
143 40
144 41
145 42
146 43
147 44
86 98
87 99
85 73
86 74
89 81
90 80
90 78
91 79
35 83
36 82
36 80
37 81
31 83
30 82
32 82
28 80
27 79
26 88
27 87
23 87
22 86
20 86
21 85
15 83
14 82
21 73
17 69
18 68
19 63
20 62
21 61
28 56
29 57
48 34
49 33
50 34
51 35
58 24
59 23
60 24
63 23
64 24
64 26
65 25
68 30
68 28
69 29
72 22
73 21
76 20
77 21
77 25
78 24
78 22
79 23
135 11
134 10
133 9
134 8
135 7
139 11
140 10
139 7
140 8
141 9
145 33
144 32
137 33
136 32
138 32
135 31
139 31
134 30
133 29
143 23
142 22
141 21
142 20
147 19
141 65
140 64
140 62
141 61
141 41
142 40
146 42
147 43
87 98
88 99
86 73
89 82
88 81
90 81
91 80
91 78
92 79
35 84
34 83
36 83
37 82
38 81
31 84
30 83
32 83
27 80
27 88
28 87
23 88
22 87
21 86
15 84
14 83
16 83
21 74
22 73
17 70
16 69
17 68
18 63
19 62
20 61
21 60
29 56
48 33
49 32
50 33
51 34
52 35
58 23
59 22
60 23
62 23
63 22
64 23
65 26
65 24
66 25
69 30
69 28
70 29
72 21
73 20
77 20
78 21
78 25
79 24
79 22
80 23
134 11
133 10
132 9
133 8
134 7
135 6
136 7
139 12
140 11
138 7
139 6
140 7
141 10
141 8
142 9
145 34
144 33
146 33
138 33
134 31
139 32
140 31
133 30
132 29
142 23
141 22
141 20
146 19
147 18
141 66
140 65
142 65
140 61
141 60
140 41
141 40
147 42
88 98
89 99
89 83
88 82
90 82
87 81
91 81
92 80
91 77
92 78
93 79
35 85
34 84
36 84
38 82
38 80
39 81
30 84
29 83
32 84
33 83
27 89
28 88
28 86
29 87
23 89
22 88
24 88
15 85
14 84
16 84
13 83
21 75
22 74
22 72
23 73
17 71
16 70
16 68
17 67
19 61
20 60
21 59
22 60
29 55
30 56
47 33
48 32
51 33
52 34
53 35
57 23
58 22
60 22
61 23
62 22
63 21
64 22
65 23
66 24
69 31
70 30
70 28
71 29
72 20
73 19
74 20
78 20
79 21
79 25
80 24
80 22
81 23
134 6
135 5
136 6
140 12
141 11
138 6
139 5
140 6
141 7
142 10
142 8
143 9
134 32
133 31
139 33
140 32
141 31
141 23
140 20
141 19
145 19
146 18
147 17
139 61
140 60
140 42
139 41
140 40
141 39
147 41
89 98
90 99
89 84
90 83
91 82
92 81
90 77
91 76
92 77
93 80
93 78
94 79
35 86
34 85
36 85
39 82
39 80
29 84
29 82
33 84
27 90
26 89
28 89
29 88
29 86
30 87
23 90
22 89
24 89
15 86
14 85
16 85
13 84
12 83
13 82
17 72
16 71
16 67
17 66
18 67
18 61
19 60
20 59
21 58
22 59
28 55
29 54
46 33
47 32
51 32
52 33
53 34
57 24
56 23
57 22
61 22
62 21
63 20
64 21
65 22
66 23
69 32
68 31
70 31
71 30
71 28
72 29
72 19
73 18
74 19
79 20
80 21
80 25
81 24
81 22
82 23
134 5
135 4
136 5
141 12
142 11
138 5
139 4
140 5
141 6
142 7
143 10
143 8
144 9
133 32
132 31
139 34
140 33
141 32
142 31
140 23
141 18
142 19
144 19
145 18
146 17
147 16
139 62
138 61
