3279
103 33
102 32
103 31
104 32
103 34
102 33
104 33
102 31
103 30
104 31
102 30
103 29
104 30
102 29
103 28
104 29
102 28
103 27
104 28
102 27
103 26
104 27
102 26
103 25
104 26
102 25
103 24
104 25
102 24
103 23
104 24
102 23
103 22
104 23
101 23
102 22
101 24
100 23
101 22
101 25
100 24
101 26
100 25
99 23
100 22
99 24
98 23
99 22
99 25
98 24
99 26
98 25
97 23
98 22
97 24
96 23
97 22
96 24
95 23
96 22
95 24
94 23
95 22
95 25
94 24
95 26
94 25
96 25
95 27
94 26
96 26
95 28
94 27
96 27
95 29
94 28
96 28
95 30
94 29
96 29
96 30
97 29
97 30
97 28
98 29
97 31
98 30
97 32
96 31
98 31
98 28
99 29
99 30
99 28
100 29
99 31
100 30
99 32
100 31
99 33
98 32
100 32
99 34
98 33
100 33
99 35
98 34
100 34
99 36
98 35
100 35
99 37
98 36
100 36
99 38
98 37
100 37
97 35
97 36
96 35
97 34
96 34
97 33
96 33
95 33
96 32
95 34
94 33
95 32
94 34
93 33
94 32
93 34
92 33
93 32
93 35
92 34
93 36
92 35
94 35
92 36
91 35
91 36
90 35
91 34
90 36
89 35
90 34
89 36
88 35
89 34
89 37
88 36
89 38
88 37
90 37
88 38
87 37
87 38
86 37
87 36
86 38
85 37
86 36
85 38
84 37
85 36
85 39
84 38
85 40
84 39
86 39
83 37
84 36
83 38
82 37
83 36
82 36
83 35
82 35
83 34
84 35
81 35
82 34
81 36
80 35
81 34
81 37
80 36
81 38
80 37
81 39
80 38
82 38
81 40
80 39
82 39
81 41
80 40
82 40
81 42
80 41
82 41
80 42
79 41
79 42
78 41
79 40
82 42
83 41
83 42
83 40
84 41
83 39
84 40
84 42
85 41
85 42
86 41
79 39
78 39
79 38
79 37
78 37
79 36
78 36
79 35
78 35
79 34
80 34
81 33
80 33
81 32
82 33
87 35
86 35
87 34
90 38
91 37
91 38
92 37
92 38
93 37
93 38
94 37
93 39
94 38
93 40
92 39
94 39
93 41
92 40
94 40
93 42
92 41
94 41
91 39
91 40
90 39
91 41
90 40
91 42
90 41
90 42
89 41
89 42
88 41
89 40
88 42
87 41
88 40
87 42
87 40
87 43
86 42
87 44
86 43
88 43
87 45
86 44
88 44
87 46
86 45
88 45
87 47
86 46
88 46
87 48
86 47
88 47
87 49
86 48
88 48
87 50
86 49
88 49
87 51
86 50
88 50
87 52
86 51
88 51
85 47
85 48
84 47
85 46
85 49
84 48
85 50
84 49
84 50
83 49
83 50
82 49
83 48
83 51
82 50
83 52
82 51
84 51
84 52
85 51
85 52
85 53
86 52
85 54
84 53
86 53
84 54
83 53
83 54
82 53
82 54
81 53
82 52
81 54
80 53
81 52
81 55
80 54
81 56
80 55
82 55
80 56
79 55
79 56
78 55
79 54
79 57
78 56
79 58
78 57
80 57
80 58
81 57
81 58
82 57
80 52
81 51
80 51
81 50
80 50
81 49
80 49
81 48
86 54
87 53
87 54
88 53
87 55
88 54
87 56
86 55
88 55
87 57
86 56
88 56
87 58
86 57
88 57
85 55
85 56
84 55
84 56
83 55
83 56
83 57
82 56
83 58
84 57
83 59
82 58
84 58
83 60
82 59
84 59
88 52
89 53
89 54
89 52
90 53
89 55
90 54
89 56
90 55
89 57
90 56
89 58
90 57
89 59
88 58
90 58
89 60
88 59
90 59
89 61
88 60
90 60
89 62
88 61
90 61
89 63
88 62
90 62
89 64
88 63
90 63
90 64
91 63
91 64
91 62
92 63
91 65
92 64
91 66
90 65
92 65
90 66
89 65
89 66
88 65
87 61
87 62
86 61
87 60
87 63
86 62
87 64
86 63
85 61
86 60
85 62
84 61
85 60
84 62
83 61
84 60
83 62
82 61
83 63
82 62
83 64
82 63
84 63
81 61
82 60
81 62
80 61
81 60
81 63
80 62
81 64
80 63
80 64
79 63
79 64
78 63
79 62
79 65
78 64
79 66
78 65
80 65
78 66
77 65
77 66
76 65
77 64
76 64
77 63
76 63
77 62
79 61
80 60
78 61
79 60
85 59
85 58
86 59
85 57
86 58
87 59
91 61
91 60
92 61
91 55
91 56
91 54
92 55
91 53
92 54
91 52
92 53
92 52
93 53
93 54
93 52
94 53
92 56
93 55
93 56
94 55
93 57
94 56
93 58
92 57
94 57
93 59
92 58
94 58
93 60
92 59
94 59
93 61
92 60
94 60
93 62
94 61
91 59
91 58
91 57
95 59
95 60
95 58
96 59
95 61
96 60
95 62
96 61
95 63
94 62
96 62
95 64
94 63
96 63
94 64
93 63
93 64
93 65
93 66
94 65
93 67
92 66
94 66
93 68
92 67
94 67
93 69
92 68
94 68
93 70
92 69
94 69
93 71
92 70
94 70
93 72
92 71
94 71
94 72
95 71
95 72
95 70
96 71
95 69
96 70
95 68
96 69
96 68
97 69
97 70
97 68
98 69
97 71
98 70
97 72
98 71
97 73
96 72
98 72
97 74
96 73
98 73
97 67
98 68
96 67
97 66
98 67
98 66
99 67
99 68
99 66
100 67
100 68
100 66
101 67
101 68
101 66
102 67
99 69
99 70
100 69
99 71
100 70
99 72
100 71
99 73
100 72
99 74
100 73
99 75
98 74
100 74
99 76
98 75
100 75
99 77
98 76
100 76
99 78
98 77
100 77
100 78
101 77
101 78
101 76
102 77
97 75
97 76
96 75
97 77
96 76
97 78
96 77
101 73
101 74
101 72
102 73
101 75
102 74
102 75
101 71
102 72
101 70
102 71
101 69
102 69
102 70
102 68
103 69
103 70
103 68
104 69
103 71
104 70
103 72
104 71
104 72
105 71
105 72
105 70
106 71
104 68
105 69
105 68
106 69
91 67
91 68
90 67
91 69
90 68
91 70
90 69
90 70
89 69
89 70
88 69
89 68
88 70
87 69
88 68
87 70
86 69
87 68
86 68
87 67
86 67
87 66
88 67
85 67
86 66
85 68
84 67
85 66
84 68
83 67
84 66
83 68
82 67
83 66
82 66
83 65
82 65
84 65
81 65
82 64
81 66
81 67
80 66
81 68
80 67
80 68
79 67
79 68
78 67
79 69
78 68
79 70
78 69
80 69
79 71
78 70
80 70
79 72
78 71
80 71
79 73
78 72
80 72
79 74
78 73
80 73
79 75
78 74
80 74
79 76
78 75
80 75
77 73
77 74
76 73
77 72
77 71
76 71
77 70
76 72
75 71
76 70
75 72
74 71
75 70
74 70
75 69
74 69
75 68
76 69
74 68
75 67
76 68
74 67
75 66
76 67
73 67
74 66
73 68
72 67
73 66
73 69
72 68
73 70
72 69
72 70
71 69
71 70
70 69
71 68
71 71
70 70
71 72
70 71
72 71
70 72
69 71
69 72
68 71
69 70
69 73
68 72
69 74
68 73
70 73
70 74
71 73
71 74
72 73
72 72
73 71
73 72
73 73
74 72
73 74
74 73
73 75
72 74
74 74
73 76
72 75
74 75
74 76
75 75
75 76
75 74
76 75
76 76
76 74
77 75
77 76
75 73
69 69
70 68
68 69
69 68
68 70
67 69
68 68
67 70
66 69
67 68
67 71
66 70
67 72
66 71
66 68
67 67
66 67
67 66
68 67
65 67
66 66
65 68
64 67
65 66
65 69
64 68
65 70
64 69
65 71
64 70
65 72
64 71
65 73
64 72
66 72
65 74
64 73
66 73
65 75
64 74
66 74
65 76
64 75
66 75
65 77
64 76
66 76
65 78
64 77
66 77
65 79
64 78
66 78
65 80
64 79
66 79
66 80
67 79
67 80
67 78
68 79
67 81
68 80
67 82
66 81
68 81
66 82
65 81
65 82
64 81
68 82
69 81
69 82
69 80
70 81
68 78
69 79
69 78
70 79
70 80
70 78
71 79
71 80
71 78
72 79
71 81
72 80
71 82
72 81
72 78
73 79
73 80
73 78
74 79
74 80
74 78
75 79
75 80
75 78
76 79
76 80
76 78
77 79
77 80
77 78
78 79
77 77
78 78
76 77
78 77
75 77
74 77
67 77
67 76
68 77
67 75
68 76
67 74
68 75
67 73
68 74
69 77
69 76
70 77
69 75
70 76
70 75
71 75
71 76
71 77
72 77
72 76
73 77
63 73
63 74
62 73
63 72
62 74
61 73
62 72
61 74
60 73
61 72
61 75
60 74
61 76
60 75
62 75
62 76
63 75
63 76
63 77
63 78
62 77
63 79
62 78
63 80
62 79
63 81
62 80
64 80
63 82
62 81
59 73
60 72
59 74
58 73
59 72
59 75
58 74
59 76
58 75
59 77
58 76
60 76
59 78
58 77
60 77
59 79
58 78
60 78
59 80
58 79
60 79
57 77
57 78
56 77
57 76
61 77
61 78
61 79
61 80
61 81
60 80
61 82
60 81
61 83
60 82
62 82
61 84
60 83
62 83
60 84
59 83
59 84
58 83
59 82
59 85
58 84
59 86
58 85
60 85
58 86
57 85
57 86
56 85
57 84
57 87
56 86
57 88
56 87
58 87
57 89
56 88
58 88
57 90
56 89
58 89
57 91
56 90
58 90
57 92
56 91
58 91
56 92
55 91
55 92
54 91
55 90
55 93
54 92
55 94
54 93
56 93
55 95
54 94
56 94
55 96
54 95
56 95
55 97
54 96
56 96
55 98
54 97
56 97
53 95
53 96
52 95
53 94
57 95
57 96
57 94
58 95
57 97
58 96
57 98
58 97
58 98
59 97
59 98
59 96
60 97
59 99
60 98
58 99
60 99
57 99
56 99
59 95
60 96
59 94
60 95
61 97
61 98
61 96
62 97
61 99
62 98
62 99
63 99
63 98
64 99
63 97
64 98
63 96
64 97
64 96
65 97
65 98
65 96
66 97
65 99
66 99
66 98
67 99
67 98
68 99
67 97
68 98
67 96
68 97
69 99
69 98
70 99
69 97
70 98
69 96
70 97
68 96
69 95
70 96
68 95
69 94
70 95
67 95
68 94
66 95
67 94
71 99
71 98
72 99
71 97
72 98
71 96
72 97
57 93
58 94
58 93
53 91
54 90
53 92
52 91
53 90
53 93
52 92
52 93
52 94
51 93
51 94
50 93
51 92
50 94
49 93
50 92
49 94
48 93
49 92
52 90
53 89
52 89
53 88
54 89
51 89
52 88
51 90
50 89
51 88
50 88
51 87
50 87
51 86
52 87
55 89
55 88
59 89
59 90
59 88
60 89
59 91
60 90
59 92
60 91
60 92
61 91
61 92
61 90
62 91
61 89
62 90
61 88
62 89
62 92
63 91
63 92
63 90
64 91
63 93
64 92
63 94
62 93
64 93
62 94
61 93
61 94
60 93
61 95
60 94
62 95
59 93
64 94
65 93
65 94
65 92
66 93
65 95
66 94
64 95
63 95
65 91
66 92
65 90
66 91
63 89
64 90
63 88
64 89
64 88
65 89
65 88
66 89
65 87
66 88
64 87
65 86
66 87
63 87
64 86
62 87
63 86
65 85
66 86
64 85
65 84
66 85
67 87
67 88
67 86
68 87
67 85
68 86
67 84
68 85
66 84
67 83
68 84
66 83
68 83
65 83
64 83
69 83
69 84
70 83
68 88
69 87
69 88
69 86
70 87
69 89
70 88
69 90
68 89
70 89
68 90
67 89
67 90
67 91
66 90
67 92
68 91
67 93
68 92
68 93
69 93
69 92
70 93
70 94
70 92
71 93
71 94
71 92
72 93
71 95
72 94
72 95
69 91
70 91
70 90
71 91
71 90
72 91
70 86
71 87
71 88
71 86
72 87
71 85
72 86
70 85
71 84
72 85
69 85
70 84
72 88
73 87
73 88
73 86
74 87
74 88
74 86
75 87
75 88
75 86
76 87
75 89
76 88
75 90
74 89
76 89
75 91
74 90
76 90
75 92
74 91
76 91
75 93
74 92
76 92
75 94
74 93
76 93
75 95
74 94
76 94
75 96
74 95
76 95
74 96
73 95
73 96
73 94
73 97
72 96
73 98
74 97
73 99
74 98
74 99
73 93
73 92
77 93
77 94
77 92
78 93
77 95
78 94
77 96
78 95
77 97
76 96
78 96
77 98
76 97
78 97
77 99
76 98
78 98
76 99
78 99
75 99
75 98
75 97
79 99
79 98
80 99
79 97
80 98
79 96
80 97
79 95
80 96
79 94
80 95
81 99
81 98
82 99
78 92
79 93
79 92
80 93
80 94
80 92
81 93
81 94
81 92
82 93
81 95
82 94
81 96
82 95
81 97
82 96
82 97
82 98
83 97
83 98
83 96
84 97
83 99
84 98
84 99
85 99
85 98
86 99
86 98
87 99
87 98
88 99
88 98
89 99
89 98
90 99
83 95
83 94
84 95
83 93
84 94
83 92
84 93
82 92
83 91
84 92
82 91
83 90
84 91
81 91
80 91
81 90
79 91
80 90
78 91
79 90
78 90
79 89
78 89
79 88
80 89
78 88
79 87
80 88
78 87
79 86
80 87
81 89
82 90
81 88
82 89
82 88
83 89
83 88
84 89
83 87
84 88
82 87
83 86
84 87
81 87
82 86
81 86
73 91
73 90
72 90
73 89
72 89
71 89
77 91
77 90
77 89
77 88
76 86
77 87
77 86
77 85
78 86
76 85
77 84
78 85
75 85
76 84
74 85
75 84
73 85
74 84
73 84
72 84
73 83
72 83
73 82
74 83
71 83
72 82
73 81
74 82
74 81
75 81
75 82
76 81
75 83
76 82
76 83
77 83
77 82
78 83
77 81
78 81
78 82
78 80
79 81
79 82
79 80
80 81
79 83
80 82
79 84
80 83
78 84
79 85
80 85
80 86
80 84
81 85
81 84
82 85
81 83
82 84
81 82
82 83
81 81
82 82
81 80
82 81
80 80
81 79
82 80
80 79
81 78
82 79
80 78
81 77
82 78
80 77
81 76
82 77
79 77
80 76
79 78
79 79
82 76
83 77
83 78
83 76
84 77
83 75
84 76
82 75
83 74
84 75
84 74
85 75
85 76
85 74
86 75
85 73
86 74
84 73
85 72
86 73
83 79
83 80
84 79
84 80
84 78
85 79
85 80
85 78
86 79
85 77
86 78
86 77
86 80
87 79
87 80
87 78
88 79
88 80
88 78
89 79
89 80
89 78
90 79
89 81
90 80
89 82
88 81
90 81
89 83
88 82
90 82
89 84
88 83
90 83
87 81
87 82
86 81
90 78
91 79
91 80
91 78
92 79
91 81
92 80
91 82
92 81
91 83
92 82
91 84
92 83
91 77
92 78
90 77
91 76
92 77
89 77
90 76
88 77
89 76
87 77
88 76
87 76
93 79
93 80
93 78
94 79
93 77
94 78
93 76
94 77
94 76
95 77
95 78
95 76
95 79
96 78
95 80
96 79
95 81
94 80
96 80
95 82
94 81
96 81
94 82
93 81
93 82
93 83
93 84
94 83
93 85
92 84
94 84
93 86
92 85
94 85
93 87
92 86
94 86
93 88
92 87
94 87
94 88
95 87
95 88
95 86
96 87
95 89
96 88
95 90
94 89
96 89
94 90
93 89
93 90
92 89
96 90
97 89
97 90
97 88
98 89
97 91
98 90
97 92
96 91
98 91
97 93
96 92
98 92
97 94
96 93
98 93
96 94
95 93
95 94
94 93
95 92
97 87
98 88
97 86
98 87
98 86
99 87
99 88
99 86
100 87
99 85
100 86
98 85
99 84
100 85
98 84
99 83
100 84
98 83
99 82
100 83
97 83
98 82
97 84
96 83
97 82
97 85
96 84
96 85
99 81
100 82
98 81
99 80
100 81
97 81
98 80
97 80
100 80
101 81
101 82
101 80
102 81
101 79
102 80
100 79
102 79
99 79
98 79
102 82
103 81
103 82
103 80
104 81
101 83
101 84
102 83
101 85
102 84
101 86
102 85
102 86
103 85
103 86
103 84
104 85
103 87
104 86
103 88
102 87
104 87
104 88
105 87
105 88
105 86
106 87
105 89
106 88
105 90
104 89
106 89
104 90
103 89
103 90
102 89
104 84
105 85
105 84
106 85
103 83
104 83
100 88
101 87
101 88
99 89
99 90
100 89
99 91
100 90
99 92
100 91
99 93
100 92
99 94
100 93
100 94
101 93
101 94
101 92
102 93
102 94
102 92
103 93
103 94
103 92
104 93
103 91
104 92
102 91
104 91
104 94
105 93
105 94
105 92
106 93
106 94
106 92
107 93
107 94
107 92
108 93
107 95
108 94
107 96
106 95
108 95
106 96
105 95
105 96
104 95
105 97
104 96
105 98
104 97
106 97
105 99
104 98
106 98
104 99
106 99
107 99
107 98
108 99
107 97
108 98
108 97
109 99
109 98
110 99
103 97
103 98
102 97
103 96
103 99
102 98
102 99
101 97
102 96
101 98
100 97
101 96
101 99
100 98
100 99
99 99
98 99
99 98
99 97
100 96
98 97
99 96
103 95
102 95
101 95
100 95
107 91
108 92
106 91
107 90
108 91
105 91
106 90
107 89
108 90
107 88
108 89
109 93
109 94
109 92
110 93
110 94
110 92
111 93
111 94
111 92
112 93
111 95
112 94
111 96
110 95
112 95
111 97
110 96
112 96
111 98
110 97
112 97
111 99
110 98
112 98
112 99
109 95
109 96
109 97
108 96
111 91
112 92
110 91
111 90
112 91
109 91
110 90
109 90
109 89
109 88
110 89
111 89
112 90
111 88
112 89
113 91
113 92
113 90
114 91
113 93
114 92
113 94
114 93
113 95
114 94
113 96
114 95
114 96
115 95
115 96
115 94
116 95
115 97
116 96
115 98
114 97
116 97
115 99
114 98
116 98
114 99
116 99
113 99
113 98
117 99
117 98
118 99
113 97
117 97
117 96
118 97
117 95
118 96
117 94
118 95
115 93
116 94
115 92
116 93
113 89
114 90
113 88
114 89
112 88
113 87
114 88
112 87
113 86
114 87
112 86
113 85
114 86
112 85
113 84
114 85
111 85
112 84
111 86
110 85
111 84
111 87
110 86
110 87
110 88
109 87
108 87
109 86
109 85
110 84
108 85
109 84
108 84
109 83
108 83
109 82
110 83
107 83
108 82
107 84
106 83
107 82
107 85
106 84
107 86
107 87
106 86
108 86
105 83
106 82
105 82
107 81
106 81
107 80
108 81
106 80
107 79
108 80
106 79
107 78
108 79
105 79
106 78
105 80
104 79
105 78
105 81
104 80
103 79
104 78
103 78
109 81
110 82
109 80
110 81
109 79
110 80
109 78
110 79
108 78
109 77
110 78
108 77
109 76
110 77
107 77
108 76
106 77
107 76
110 76
111 77
111 78
111 76
112 77
111 79
112 78
111 80
112 79
112 76
113 77
113 78
113 76
114 77
113 79
114 78
113 80
114 79
113 75
114 76
112 75
113 74
114 75
111 75
112 74
110 75
111 74
114 74
115 75
115 76
115 74
116 75
115 77
115 78
116 77
116 78
116 76
117 77
117 78
117 76
118 77
117 75
118 76
117 74
118 75
118 74
119 75
119 76
119 74
120 75
119 77
120 76
119 78
120 77
120 78
121 77
121 78
121 76
122 77
119 73
120 74
118 73
119 72
120 73
118 72
119 71
120 72
118 71
119 70
120 71
118 70
119 69
120 70
118 69
119 68
120 69
120 68
121 69
121 70
121 68
122 69
121 67
122 68
120 67
121 66
122 67
119 67
120 66
118 67
119 66
121 65
122 66
120 65
121 64
122 65
120 64
121 63
122 64
120 63
121 62
122 63
119 63
120 62
119 64
118 63
119 62
119 65
118 64
118 65
117 63
118 62
117 64
116 63
117 62
116 64
115 63
116 62
115 64
114 63
115 62
117 61
116 61
117 60
118 61
118 60
119 61
119 60
120 61
120 60
121 61
121 60
122 61
122 62
122 60
123 61
123 62
123 60
124 61
123 59
124 60
122 59
123 58
124 59
121 59
122 58
120 59
121 58
124 62
125 61
125 62
125 60
126 61
126 62
126 60
127 61
127 62
127 60
128 61
121 71
121 72
122 71
122 72
122 70
123 71
123 72
123 70
124 71
123 73
124 72
123 74
122 73
124 73
123 75
122 74
124 74
123 76
122 75
124 75
122 76
121 75
121 74
121 73
124 76
125 75
125 76
125 74
126 75
125 77
126 76
125 78
124 77
126 77
125 79
124 78
126 78
125 80
124 79
126 79
125 81
124 80
126 80
125 82
124 81
126 81
125 83
124 82
126 82
125 84
124 83
126 83
125 85
124 84
126 84
125 86
124 85
126 85
124 86
123 85
123 86
122 85
123 84
123 83
122 83
123 82
122 84
121 83
122 82
121 84
120 83
121 82
121 85
120 84
121 86
120 85
119 83
120 82
119 84
118 83
119 82
119 85
118 84
119 86
118 85
119 87
118 86
120 86
119 88
118 87
120 87
118 88
117 87
117 88
116 87
117 86
116 88
115 87
116 86
115 88
115 86
115 85
115 84
116 85
117 85
117 84
121 81
120 81
121 80
122 81
123 79
123 80
122 79
123 78
123 81
122 80
121 79
122 78
120 79
120 80
119 79
119 80
118 79
119 81
118 80
118 81
118 82
117 81
117 82
116 81
117 80
117 83
116 82
116 83
116 84
115 83
114 83
115 82
117 79
118 78
116 79
116 80
115 79
115 80
115 81
114 80
114 81
114 82
113 81
113 82
112 81
112 82
111 81
112 80
111 82
111 83
112 83
127 79
127 80
127 78
128 79
127 81
128 80
127 82
128 81
128 82
129 81
129 82
129 80
130 81
129 83
130 82
129 84
128 83
130 83
129 85
128 84
130 84
129 86
128 85
130 85
128 86
127 85
127 86
127 84
130 86
131 85
131 86
131 84
132 85
131 83
132 84
131 82
132 83
131 81
132 82
131 80
132 81
132 86
133 85
133 86
133 84
134 85
133 87
134 86
133 88
132 87
134 87
133 89
132 88
134 88
133 90
132 89
134 89
133 91
132 90
134 90
133 92
132 91
134 91
133 93
132 92
134 92
133 94
132 93
134 93
133 95
132 94
134 94
133 96
132 95
134 95
133 97
132 96
134 96
133 98
132 97
134 97
134 98
135 97
135 98
135 96
136 97
135 95
135 94
136 95
135 93
136 94
135 92
136 93
136 92
137 93
137 94
137 92
138 93
137 95
138 94
137 96
138 95
131 89
131 90
130 89
131 88
130 88
131 87
130 87
129 87
129 88
128 87
128 88
127 87
127 88
126 87
127 89
126 88
127 90
126 89
128 89
128 90
129 89
129 90
129 91
130 90
129 92
128 91
130 91
129 93
128 92
130 92
129 94
128 93
130 93
130 94
131 93
131 94
131 92
131 95
131 96
130 95
131 97
130 96
131 98
130 97
129 95
129 96
128 95
128 96
127 95
128 94
127 96
126 95
127 94
127 97
126 96
127 98
126 97
128 97
127 99
126 98
128 98
126 99
128 99
129 99
129 98
130 99
130 98
131 99
132 99
125 97
125 98
124 97
125 96
124 96
125 95
124 95
125 94
123 95
124 94
123 96
122 95
123 94
123 97
122 96
123 98
122 97
123 99
122 98
124 98
122 99
124 99
125 99
121 97
121 98
120 97
121 96
121 99
120 98
120 99
119 99
119 98
119 97
120 96
119 96
122 94
123 93
122 93
123 92
124 93
122 92
123 91
124 92
122 91
123 90
124 91
122 90
123 89
124 90
122 89
123 88
124 89
121 89
122 88
121 90
120 89
121 88
120 90
119 89
120 88
119 90
118 89
121 87
122 87
123 87
124 88
124 87
125 89
125 90
125 88
125 93
125 92
126 93
125 91
126 92
126 91
126 90
127 91
127 92
126 94
127 93
129 97
131 91
125 87
126 86
135 87
135 88
135 86
136 87
135 89
136 88
135 90
136 89
135 91
136 90
136 91
137 91
137 90
138 91
137 89
138 90
137 88
138 89
138 92
139 91
139 92
139 90
140 91
139 89
140 90
139 88
140 89
138 88
139 87
140 88
138 87
139 86
140 87
140 86
141 87
141 88
141 86
142 87
141 89
142 88
141 90
142 89
141 91
142 90
141 92
142 91
141 93
140 92
142 92
141 94
140 93
142 93
140 94
139 93
139 94
139 95
139 96
140 95
139 97
138 96
140 96
139 98
138 97
140 97
138 98
137 97
137 98
137 99
136 98
136 99
138 99
135 99
134 99
133 99
139 99
140 99
141 95
141 96
142 95
143 91
143 92
143 90
144 91
144 92
144 90
145 91
145 92
145 90
146 91
145 93
146 92
145 94
144 93
146 93
145 95
144 94
146 94
145 96
144 95
146 95
145 97
144 96
146 96
145 98
144 97
146 97
145 99
144 98
146 98
144 99
146 99
147 99
147 98
143 97
143 98
142 97
143 96
142 98
141 97
142 96
141 98
141 99
140 98
142 99
143 99
147 97
147 96
143 95
143 94
143 93
147 93
147 94
147 92
147 95
145 89
146 90
144 89
145 88
146 89
146 88
147 89
147 90
147 88
147 91
143 89
143 88
143 87
144 88
143 86
144 87
142 86
143 85
144 86
142 85
143 84
144 85
145 87
145 86
146 87
145 85
146 86
145 84
146 85
144 84
145 83
146 84
144 83
145 82
146 83
143 83
144 82
142 83
143 82
145 81
146 82
144 81
145 80
146 81
147 83
147 84
147 82
147 85
147 86
147 87
147 81
147 80
146 80
147 79
146 79
147 78
145 79
146 78
144 79
145 78
144 78
145 77
144 77
145 76
146 77
147 77
147 76
146 76
147 75
146 75
147 74
145 75
146 74
144 75
145 74
144 74
145 73
144 73
145 72
146 73
143 73
144 72
143 74
142 73
143 72
143 75
142 74
143 76
142 75
143 77
142 76
144 76
143 78
142 77
141 75
141 76
140 75
141 74
141 77
140 76
141 78
140 77
146 72
147 73
147 72
147 71
146 71
147 70
146 70
147 69
146 69
147 68
145 69
146 68
145 70
144 69
145 68
145 71
144 70
144 71
143 71
142 71
143 70
147 67
146 67
147 66
145 67
146 66
144 67
145 66
141 85
140 85
141 84
139 85
140 84
138 85
139 84
138 86
137 85
138 84
137 86
136 85
137 84
137 87
136 86
141 83
142 84
140 83
141 82
140 82
141 81
142 82
140 81
141 80
142 81
140 80
141 79
142 80
140 79
142 79
139 79
140 78
139 80
138 79
139 78
139 81
138 80
139 82
138 81
139 83
138 82
138 83
137 83
136 83
137 82
136 82
137 81
136 81
137 80
137 79
138 78
136 79
137 78
139 77
138 77
139 76
142 78
143 79
143 80
143 81
144 80
134 84
135 85
135 84
127 83
129 79
130 80
129 78
130 79
128 78
129 77
130 78
128 77
129 76
130 77
128 76
129 75
130 76
128 75
129 74
130 75
130 74
131 75
131 76
131 74
132 75
131 77
132 76
131 78
132 77
132 78
133 77
133 78
133 76
134 77
133 79
134 78
133 80
132 79
134 79
133 81
132 80
134 80
133 82
134 81
133 83
134 82
134 83
135 83
135 82
135 81
135 80
135 79
136 80
135 78
134 76
135 77
135 76
136 77
136 78
136 76
137 77
137 76
131 73
132 74
130 73
131 72
132 73
129 73
130 72
128 73
129 72
128 74
127 73
128 72
127 74
126 73
127 72
126 72
127 71
126 71
127 70
128 71
126 70
127 69
128 70
126 69
127 68
128 69
125 69
126 68
125 70
124 69
125 68
125 71
124 70
125 72
125 73
127 67
128 68
126 67
127 66
128 67
129 71
129 70
130 71
130 70
131 71
131 70
132 71
131 69
132 70
130 69
131 68
132 69
129 69
130 68
129 68
129 67
129 66
130 67
128 66
129 65
130 66
128 65
129 64
130 65
127 65
128 64
126 65
127 64
126 66
125 65
126 64
125 66
124 65
125 64
124 66
123 65
124 64
123 66
123 64
123 67
123 68
124 67
123 69
124 68
125 67
127 63
126 63
128 63
125 63
124 63
123 63
128 62
129 63
129 62
130 63
130 64
131 65
131 66
131 64
132 65
132 72
133 73
133 74
133 72
134 73
133 71
134 72
133 70
134 71
133 69
134 70
133 68
134 69
135 71
135 72
135 70
136 71
135 73
136 72
135 74
136 73
135 75
134 74
136 74
134 75
136 75
133 75
137 75
137 74
138 75
137 73
137 72
138 73
138 74
138 72
139 73
139 74
139 72
140 73
139 75
140 74
140 72
141 73
141 72
141 71
142 72
140 71
141 70
135 69
136 70
135 68
136 69
136 68
137 69
137 70
137 68
138 69
137 71
138 70
138 71
139 71
139 70
139 69
140 70
139 68
140 69
138 68
139 67
140 68
138 67
139 66
140 67
138 66
139 65
140 66
138 65
139 64
140 65
138 64
139 63
140 64
138 63
139 62
140 63
138 62
139 61
140 62
138 61
